1.155510956917969262e-04
2.177921056871554972e-04
1.641960306954967880e-04
1.981704317866184314e-04
1.986623388241250709e-05
8.087999510256468981e-05
3.279726944075422472e-05
1.063242227212910971e-04
2.299236713251981640e-04
1.660554878935190104e-04
2.497914539285812883e-05
2.137072106549301777e-04
1.028416698399924333e-04
1.132783241394539882e-04
2.170030041681203124e-04
2.140825497625371853e-04
3.011113245620508573e-05
2.207190645347672044e-04
3.922069112185068776e-05
9.206843676040761223e-05
1.228268303093419311e-04
1.014072401413310148e-04
2.046779085202740460e-04
1.714925194572856752e-04
2.232537537017238608e-04
3.833747262437694060e-05
2.890453364902322180e-05
4.711517480524642808e-05
2.235889230766169484e-04
1.458982211392399948e-04
6.900015951560356292e-05
1.781583651539817156e-04
1.822115423856008091e-04
1.431364459475493480e-04
8.653360453224780130e-06
2.205999334454128772e-04
1.147002399154661519e-04
6.855088122519767077e-05
1.978134620455232321e-04
1.334365679419877518e-04
1.998917354085179374e-04
1.494734470535538271e-04
6.881375556790084951e-06
1.678388341770064836e-04
1.667956513814438920e-04
1.630263955528657785e-04
2.204553299445968881e-04
1.592738270425973345e-04
6.239667518678936237e-05
2.765937513341746372e-05
1.718137625017217594e-05
3.747661742422361684e-05
8.258646779547095082e-05
1.824278856300944206e-05
3.944006362402387758e-05
8.624449251165298481e-05
7.796258404341396982e-05
1.172885396192820579e-04
2.024560984685859336e-05
2.012289080421456446e-04
2.102404418179956475e-04
4.227974960081384089e-05
5.083984673684390821e-05
3.816673537576038074e-05
8.425068180456518618e-05
1.649289059311371045e-04
2.057357714321834540e-04
1.463347094626455043e-04
8.639334864975976633e-06
2.097698936485492072e-04
1.239104741454832631e-04
9.764782874962772978e-05
6.308642707224087879e-05
7.660009716343172455e-05
1.715782295006912134e-04
3.375866009517930651e-05
1.240072430356786118e-04
5.269121403209583976e-05
9.346923726711724471e-05
1.628405621345114986e-04
1.143327338263425963e-05
6.642592093282731372e-05
1.170010757568343859e-04
1.118475611924214601e-04
1.638899406887116682e-05
3.237191694909945521e-07
1.838029930424590810e-04
8.653619287473228471e-05
2.176736296475798309e-04
9.854388664982008752e-05
6.734817852763673137e-05
2.151494402745146367e-04
1.406904013881722486e-04
1.998961274264139556e-04
2.068847542779665358e-04
1.055061949325762817e-04
2.199957644730685179e-04
1.732206279960258938e-04
2.063310287666983607e-04
1.267874904975072525e-04
2.105439097891286838e-04
1.154075833020947508e-04
9.514278435796273995e-05
6.683330295412888075e-05
1.254014724650096349e-04
1.716744162407941073e-04
3.137503555229682797e-05
3.575335858102008925e-05
1.056339830393197425e-04
7.043768626530824239e-05
1.660872550737760495e-04
2.901124258352780333e-05
5.035253003304434416e-06
1.877186959776384434e-04
5.825485476435969342e-06
2.506794918711776211e-05
1.125099172890940371e-04
1.319344818921116613e-05
2.789257863366306192e-05
6.807531936219958296e-05
1.144281449843718316e-05
1.795866663963833587e-04
1.697254338163392616e-04
1.436999354577587617e-04
4.467329310746596911e-05
9.133300524962625574e-05
6.930136855810781280e-05
1.376367375815551128e-04
1.444561859085076916e-04
2.197469822663889881e-04
5.458931638405074176e-05
2.368014183719746222e-04
9.811351993613291256e-05
1.557883952503812998e-04
1.826591427188617401e-04
1.343395225516686592e-04
1.040660538145853455e-04
5.521976711631434661e-05
2.164312456495284169e-04
1.876407765921809829e-04
1.799392500869916424e-04
2.161434524838090686e-04
8.880794308880848214e-05
1.709263048005792087e-04
1.326944720310413298e-04
7.833784219536832772e-05
2.292655845015421456e-04
2.295457587894850736e-04
1.650211377447108006e-06
8.995309979743589695e-05
1.016882637074918575e-04
2.654723722250783717e-05
2.317468017409862226e-04
1.892580648137784046e-04
2.284648811038191444e-05
1.106652483458525345e-04
5.969395450490605574e-05
1.804741442158831256e-04
1.207770209857175981e-04
2.335912309239925543e-04
1.490171692003804723e-04
9.377396429917242513e-06
1.966549996261446006e-04
5.494916924188822285e-05
2.364604621239452535e-04
7.217175916067613303e-05
1.384405476464275109e-04
1.653755785141093604e-04
4.825930260202463475e-05
1.350104509872829424e-04
1.686752481185645333e-04
3.687330668902156106e-05
5.877052568886416504e-05
9.152453127912273231e-05
1.997759912852033811e-04
4.975120823174033444e-05
1.009100266529144754e-04
2.070731360045114462e-04
1.999353294585175039e-04
6.529569832708612988e-05
2.076651509325790009e-05
2.060774816916521542e-04
3.657214907228170133e-05
1.849662404110812919e-04
3.720738023189210580e-05
3.570283520926738617e-05
3.339707511293396510e-05
1.017672008005643644e-05
1.211366128195758739e-04
5.563985383382354344e-05
1.834394674277142138e-04
9.328022110569533180e-05
2.362020384765779887e-04
1.466949388613876157e-04
4.170663365827507872e-05
3.524360308393203805e-05
4.092899273417657325e-05
1.921842434099638717e-04
1.159898146937053372e-04
1.929785950780315098e-04
1.122991929576832416e-04
1.323752203693481008e-04
2.510244706883613212e-06
2.372552369242149112e-04
2.062375136762464878e-04
1.530954674237608947e-04
1.512541418023026192e-04
1.257485920740736773e-04
2.256762543173347277e-04
2.368823438288387452e-04
2.118029540448729449e-04
4.343160904721676980e-06
1.919990703772587787e-04
6.589412940234254986e-05
5.857107314148945939e-05
1.823046404034227232e-04
1.540725217116282423e-04
3.341772962204970338e-05
1.463818652472826287e-04
1.933618671452303167e-04
1.399644776871973779e-04
2.118857220793991033e-04
7.681968729997391647e-05
1.106148654923692557e-04
1.312561597134419668e-04
6.416885453961613790e-05
2.955344446747403889e-05
2.263101989098392493e-04
1.565248735197989280e-04
1.700166125144010902e-04
7.673357120747833926e-06
1.850949925538110732e-04
2.205568252682134475e-04
6.027542696506112027e-05
3.843918859784355542e-05
8.546023387016838746e-05
1.055717396746170574e-04
1.694415534934559626e-05
5.757551445304853098e-05
2.046939297324738296e-04
1.560145537210488379e-05
2.666525230013635248e-05
4.364581892892408312e-05
5.923971779774052338e-05
6.883044316812714464e-05
6.201968535218742675e-05
7.893430775110121431e-05
9.446825483404942868e-05
1.311784310305564585e-04
8.593032246993139876e-05
2.356769541790771521e-04
1.581548655847090290e-04
3.743479086820435494e-05
1.816673436139293503e-04
5.973452201977261765e-05
2.186462833583303368e-04
2.211595051808773428e-04
1.099281400464353811e-04
1.794377436121172997e-05
4.121842011130862635e-05
6.298779115289384711e-05
1.305138778607706912e-04
3.576416733421720044e-05
1.370947613173866951e-04
2.156477903510003753e-04
5.760602037494030479e-05
1.002089115392679089e-04
1.891409625234215838e-04
1.135375280596859378e-04
1.960728530555896161e-04
1.648215113573138328e-04
1.359071353743935510e-04
2.263592320835443371e-04
4.835831271368556711e-05
1.942812844244938639e-04
2.255930773787299763e-05
2.322473497939305160e-04
2.075023720836997410e-04
7.982830782844277146e-05
1.515471317644359009e-04
2.388570106566721020e-06
1.027177905905324925e-04
2.345131386357921866e-04
1.239554188323824299e-05
2.247964710004407779e-04
1.717363331749433334e-04
2.228656811277492697e-04
2.197999386858990711e-04
2.334399637319647816e-04
1.791804820277668792e-04
1.332434799979023308e-04
1.094524432875364743e-04
1.855727734678009613e-04
6.628838240877131516e-05
6.882071972365767407e-05
2.310877409811654690e-04
1.736388334289149318e-04
7.431125957554768889e-05
1.548878866188533232e-04
2.718621329492150663e-05
1.674884268744294402e-05
1.795612232288254365e-04
1.234966949520574465e-04
1.584047302699096034e-04
2.015002673296946412e-04
1.139776309673078987e-04
1.368656216784133500e-04
1.616791852624386856e-04
1.154820777916272013e-04
1.887459884425044508e-04
4.802232587070992813e-05
1.180666013265459073e-04
1.437847013408141369e-04
1.364730773230190468e-04
1.768708228239806416e-04
8.791487045476196604e-05
8.519654461342934814e-05
1.244200648928754035e-05
6.819535991039081741e-05
2.489713458458432411e-05
2.783139525660329306e-06
3.069841972035257941e-05
5.325353226384291802e-05
1.013027166693258944e-04
1.257228671806538234e-04
8.716383446358791527e-05
1.628040925193185970e-05
1.547403790678692154e-04
7.825205036594548634e-05
7.372565292689351229e-06
7.227652031123948462e-05
2.214936501744678280e-04
2.292536635903521104e-04
1.152876235687202283e-04
1.595965594599139373e-04
2.095177204929264355e-04
1.457360262726763785e-04
1.666680416491515864e-05
2.624353210265544442e-05
1.463299290269688268e-04
1.094593946429891828e-04
8.480216889339784191e-06
5.071950783931888300e-05
1.545568066360755092e-04
8.424250282780892875e-05
6.749710784345058106e-05
2.153539539850174705e-04
7.763532629161448001e-05
1.526769659482840602e-04
1.435587843314653186e-04
1.795718901662985074e-04
1.566394850741142063e-04
1.678388921175374645e-04
8.633404608317413219e-05
2.190334744680085308e-05
1.850628218103324025e-04
2.209579368588677518e-04
1.435243939196168320e-04
5.418821480828213416e-05
1.557450994527361876e-04
2.358936285330636080e-04
3.321294276952862281e-05
7.282840879108247467e-05
1.972245944187828528e-05
8.535755277788840040e-06
1.971132849421479286e-04
1.075572341999055901e-04
1.080743646675305566e-04
1.667220894241109458e-04
1.784468462332098270e-04
1.294730154457211031e-04
2.214553436364385724e-04
1.530721521466040999e-04
2.205985146246523994e-04
1.332429681700830271e-04
7.790606865482769541e-05
3.437693751791433895e-05
1.389392070482217571e-05
7.816710084522320284e-05
1.181924457466055226e-05
9.803608757683647003e-05
1.856862484605533033e-04
8.301362851341707861e-05
4.510372663892723606e-05
