-6.768846028065415854e-02
1.042482480467877420e-01
1.969750295411262508e-01
4.269931293477285256e-02
1.532899319318844766e-01
-2.050883443124777716e-01
-2.313765384461817787e-01
-6.614797079165848914e-02
-2.764842524798050150e-01
1.091040101864614170e-01
1.493462030099515503e-01
2.096540940850893930e-01
7.876540091019801348e-02
3.713911615983593872e-01
1.236586014307665821e-01
-4.476672201311731290e-03
-1.054806135531952016e+00
-1.763152090485023693e-01
-2.950461472936490304e-01
-1.867835570867847350e-01
-2.184609274262430678e-01
1.426642681082205544e-01
2.317799072337182742e-01
-1.690172240220320921e-02
5.155682736137198741e-02
1.698846047981386331e-01
2.584341352711667650e-01
1.381519498807207424e-01
2.127767537443245593e-01
-8.326691806345308533e-02
-1.916086540586562359e-01
6.556429452539026988e-03
-1.979593167280277732e-01
1.716838160081730069e-01
2.081300218439535443e-01
2.841948467975453640e-01
1.393291843756084003e-01
4.490097781972169910e-01
1.503052167330559685e-01
5.698687104723088731e-02
-1.002700750603643165e+00
-1.182669363357943676e-01
-2.407001081259115272e-01
-1.215168097686224052e-01
-1.597970278391061816e-01
2.128629140426030741e-01
2.459169281807897511e-01
3.280513712630390294e-02
5.780779176721615592e-02
1.980508151410227402e-01
2.965907416817693543e-01
1.778584673727709176e-01
2.460384156291357816e-01
-5.657548899903778322e-02
-1.921148547380404636e-01
1.717519633853552274e-02
-2.062632874202011690e-01
1.897252866331839982e-01
2.316311516362777323e-01
3.159770410855265443e-01
1.576993958052726741e-01
4.782304503003563245e-01
1.578202889796805897e-01
6.469850481041528045e-02
-1.034563693979557275e+00
-1.033335032497042921e-01
-2.261313416082063044e-01
-8.462234827338291354e-02
-1.490790742005239922e-01
2.629992321977016045e-01
2.681083222506984720e-01
4.506632760698259244e-02
-2.361045654272806577e-02
1.742588992697704786e-01
2.645532977235020566e-01
1.111014566274552973e-01
2.228972589993386544e-01
-1.099721387174296405e-01
-2.134691072996482974e-01
-7.250792241965653938e-03
-2.476367677844701354e-01
1.668189448169332678e-01
2.055612301134339126e-01
2.613538861814581060e-01
1.390389639316224335e-01
4.254319876975385939e-01
1.352349282824887311e-01
4.347038019141277049e-02
-1.044187128769949791e+00
-1.221175398699156089e-01
-2.458830822110374681e-01
-1.211977552434335553e-01
-1.661618658352577160e-01
2.134962610937845562e-01
2.466190815878895326e-01
3.100787897032154447e-02
2.980251511778876303e-02
1.762274256769703618e-01
2.777096069366122855e-01
1.549135731537641669e-01
2.239974881799729756e-01
-1.061841526333286018e-01
-2.007039978160518878e-01
1.741306260926774518e-03
-2.159944034305156246e-01
1.802572205736721611e-01
2.224592445490183867e-01
2.955177773297248955e-01
1.477730227210350133e-01
4.402940469443929472e-01
1.469009679933029333e-01
5.296779908178691348e-02
-1.069984493299080741e+00
-1.230936372696431053e-01
-2.489620264960022145e-01
-1.225284722769462431e-01
-1.703463141014781856e-01
2.172125757229051435e-01
2.522478740031499633e-01
2.671073415736731002e-02
9.095889267005476120e-02
2.006543010885975808e-01
3.015512489775143412e-01
2.003183686565343513e-01
2.472503752902193153e-01
-2.626773896648904386e-02
-1.844374463449158785e-01
2.662635074629649684e-02
-1.982082385396847501e-01
2.022508149044550396e-01
2.546237471216553638e-01
3.085503264800430467e-01
1.777642824093576268e-01
4.627474341459654750e-01
1.393587196449551646e-01
6.243405793686726546e-02
-1.073000941223161142e+00
-1.089494481977779233e-01
-2.260360982103022109e-01
-1.142461221562375007e-01
-1.469152113112382751e-01
2.469584424750125851e-01
2.337099366071581918e-01
2.831201238375507037e-02
7.477423277018072079e-02
1.996321840403825487e-01
2.969239536602421570e-01
1.814615108229293283e-01
2.449684821328504680e-01
-3.286600632553379753e-02
-1.960304076656466110e-01
9.951397539270873463e-03
-2.164092565510676025e-01
2.019391055941855695e-01
2.479847411830798931e-01
3.027514606868844105e-01
1.717864877711708926e-01
4.755868946967772848e-01
1.470215288123461195e-01
4.940280949066661736e-02
-1.097802965989093771e+00
-1.162194122253656647e-01
-2.406708764087940045e-01
-1.263715533572366545e-01
-1.606825117611449805e-01
2.681875245029924915e-01
2.487246092264947528e-01
1.507599845250422177e-02
4.303738107119297468e-02
2.076829957421986173e-01
2.995288794846632241e-01
1.573349611687325511e-01
2.508084268462882904e-01
-7.381011885569252473e-02
-2.007480517801643882e-01
8.219018938051450562e-03
-2.071693766087484567e-01
1.980143373447891542e-01
2.423135738868908429e-01
2.887326824226513211e-01
1.681899777082789260e-01
4.382308104256774639e-01
1.409476095310211730e-01
4.934507829765451270e-02
-1.067631456458692840e+00
-1.280906789429939463e-01
-2.500279588581655332e-01
-1.452420640364045223e-01
-1.682382860676765735e-01
2.190753938383143695e-01
2.422280061194681255e-01
1.303041736573229241e-02
1.315160582524587535e-02
1.725919119154177839e-01
2.642777796954823843e-01
1.631033956418775355e-01
2.155773394967062384e-01
-8.479981035934870681e-02
-1.908304020431796921e-01
5.038720139048684030e-04
-2.156781486882511922e-01
1.794327070493796084e-01
2.249491607740535803e-01
2.876089271348131193e-01
1.547443140523244443e-01
4.266618933594762408e-01
1.432109428907387405e-01
4.289492812218477502e-02
-1.100482243060371790e+00
-1.342395119439145912e-01
-2.536005036868463347e-01
-1.547126130151890988e-01
-1.710108234884251954e-01
2.025525702152647656e-01
2.378109730992281345e-01
3.845982437333627171e-03
8.340863574382335888e-02
1.956555264831061625e-01
2.868436814187285688e-01
2.023432167353605426e-01
2.331469947697995537e-01
-2.659908376450152712e-02
-1.698428759212360084e-01
2.333329790917983843e-02
-2.004425295554747577e-01
1.909103288035787216e-01
2.356931930966411071e-01
2.961914138287269904e-01
1.607313482111283331e-01
4.536859917196817693e-01
1.499547649406621774e-01
5.181614973053859374e-02
-1.106350204042410246e+00
-1.327348461103812494e-01
-2.595638167018656794e-01
-1.530482494008584826e-01
-1.765420846042414504e-01
2.319241941991984357e-01
2.335879086253180303e-01
8.405921832585726283e-03
8.445009512932143136e-02
2.119948028180194122e-01
3.091840269237747241e-01
2.272664626182705205e-01
2.532007785614145967e-01
-9.288363865278936177e-03
-1.787048745221396784e-01
2.314221598459973925e-02
-1.984893832482623466e-01
2.026623637491414276e-01
2.536272544221528924e-01
3.145788393838029884e-01
1.753396240745880019e-01
4.774565618499689301e-01
1.535623762495506028e-01
4.736745685920239202e-02
-1.104254747315823959e+00
-1.241683933939394940e-01
-2.500997630726717325e-01
-1.322870577116715407e-01
-1.667184577278772173e-01
2.750271823097307777e-01
2.497980879830059842e-01
9.760788335619411879e-03
2.262149347516332308e-03
1.678824589266039169e-01
2.598471080522384291e-01
1.385253747450368444e-01
2.096560223710362270e-01
-8.272355177754728284e-02
-2.036363830486733473e-01
-9.106801331353140544e-03
-2.349671031950189837e-01
1.671212968178345526e-01
2.026714871924059080e-01
2.718425774451385113e-01
1.295368386038483477e-01
4.288896299946721169e-01
1.411937685156719469e-01
3.315077577097466643e-02
-1.093964713033174663e+00
-1.525951082487708166e-01
-2.888182193848381485e-01
-1.614178282941713949e-01
-2.026010250282326286e-01
2.199882028875992102e-01
2.405862009208804830e-01
1.374443204097887178e-03
-3.817591741402179967e-02
1.565714580816758572e-01
2.420951588742370764e-01
1.563280515425819750e-01
1.960378484902577656e-01
-1.144181853934984477e-01
-2.088823960288494486e-01
-5.399321569468621025e-03
-2.500964292720943005e-01
1.578328543522216909e-01
1.986027146298670609e-01
2.853973343354881953e-01
1.322553840371390177e-01
4.074471873960186508e-01
1.368110510496275134e-01
4.565371142313363884e-02
-1.095657300124176503e+00
-1.493328727700820868e-01
-2.718698722725561567e-01
-1.470511172278672896e-01
-1.873502428573348422e-01
1.896155124953612658e-01
2.409513696177344733e-01
1.929780382700247571e-02
5.213888185848615520e-02
2.167991465963962083e-01
2.945460781984017284e-01
2.316054922929023652e-01
2.411983649279297870e-01
-2.287322174034049638e-02
-1.667738287070021364e-01
3.563494420112393174e-02
-2.047132397403748083e-01
2.048263067020622830e-01
2.306528389036778814e-01
3.319968139193065215e-01
1.597395383300567184e-01
4.670078494322108531e-01
1.670376105484772389e-01
6.976596313508738600e-02
-1.090369831186105865e+00
-1.264419699389463803e-01
-2.678272456941885871e-01
-1.354293229737619786e-01
-1.808385019034041141e-01
2.352195941249445865e-01
2.560637009322230262e-01
2.474661278756282862e-02
5.325914810179122744e-02
2.226610139821302292e-01
3.126083139344715822e-01
2.238507130719036842e-01
2.582938456350801215e-01
-4.635396694870443264e-03
-1.716343854068407004e-01
2.954753923672711474e-02
-2.009891781304665448e-01
2.007937134331883311e-01
2.368144641493071245e-01
3.295407582955615089e-01
1.626408115302748758e-01
4.945689849263684712e-01
1.710706424053013985e-01
6.626462862656647135e-02
-1.079092505727572204e+00
-1.243404062862946968e-01
-2.613814516315706160e-01
-1.236513861330749836e-01
-1.777999078227419927e-01
2.844437044930975822e-01
2.749492410932116160e-01
3.027167246523561686e-02
-4.917406221324537030e-02
1.596866348428389037e-01
2.502089004290885543e-01
1.589015173978453321e-01
1.959965256206775419e-01
-6.525334470960234001e-02
-1.963561433830744718e-01
2.297536206143508709e-03
-2.683989218812523059e-01
1.516773853425437690e-01
1.731010367490369295e-01
2.911510773844088185e-01
1.013611506997579292e-01
4.432341833403921072e-01
1.484064053115264625e-01
4.748912958786816185e-02
-1.117759832489163774e+00
-1.684212824673602116e-01
-3.170470760037054081e-01
-1.445912910991462852e-01
-2.332857005695023744e-01
2.361494262231873809e-01
2.516600289093198217e-01
1.953372804965983200e-02
